1.500000000000000000e+02
1.500000000000000000e+02
1.500000000000000000e+02
1.500000000000000000e+02
1.500000000000000000e+02
1.500000000000000000e+02
1.500000000000000000e+02
1.500000000000000000e+02
1.500000000000000000e+02
1.500000000000000000e+02
1.500000000000000000e+02
1.500000000000000000e+02
1.500000000000000000e+02
1.500000000000000000e+02
1.500000000000000000e+02
1.500000000000000000e+02
1.500000000000000000e+02
1.500000000000000000e+02
1.500000000000000000e+02
1.500000000000000000e+02
1.500000000000000000e+02
1.500000000000000000e+02
1.500000000000000000e+02
1.500000000000000000e+02
1.500000000000000000e+02
1.500000000000000000e+02
1.500000000000000000e+02
1.500000000000000000e+02
1.500000000000000000e+02
1.500000000000000000e+02
1.500000000000000000e+02
1.500000000000000000e+02
1.500000000000000000e+02
1.500000000000000000e+02
1.500000000000000000e+02
1.500000000000000000e+02
1.500000000000000000e+02
1.500000000000000000e+02
1.500000000000000000e+02
1.500000000000000000e+02
1.500000000000000000e+02
1.500000000000000000e+02
1.500000000000000000e+02
1.500000000000000000e+02
1.500000000000000000e+02
1.500000000000000000e+02
1.500000000000000000e+02
1.500000000000000000e+02
1.500000000000000000e+02
1.500000000000000000e+02
1.500000000000000000e+02
1.500000000000000000e+02
1.500000000000000000e+02
1.500000000000000000e+02
1.500000000000000000e+02
1.500000000000000000e+02
1.500000000000000000e+02
1.500000000000000000e+02
1.645820503425444485e+02
1.821810000662396476e+02
1.808329652652900847e+02
1.794571900002497102e+02
1.780590681939127649e+02
1.766320075739257618e+02
1.751786007196122910e+02
1.737017346587367967e+02
1.721926766396275070e+02
1.706582731959966281e+02
1.690993550696661316e+02
1.675062770763739479e+02
1.658883771071408262e+02
1.642451514901230496e+02
1.625678925582154761e+02
1.608659545441934711e+02
1.591397209912381072e+02
1.573804905958672009e+02
1.555979210337125380e+02
1.537935596619715284e+02
1.519623377902258312e+02
1.501101158552191634e+02
1.500000000000000000e+02
1.500000000000000000e+02
1.500000000000000000e+02
1.500000000000000000e+02
1.500000000000000000e+02
1.500000000000000000e+02
1.500000000000000000e+02
1.500000000000000000e+02
1.500000000000000000e+02
1.500000000000000000e+02
1.500000000000000000e+02
1.500000000000000000e+02
1.500000000000000000e+02
1.500000000000000000e+02
1.500000000000000000e+02
1.500000000000000000e+02
1.500000000000000000e+02
1.500000000000000000e+02
1.500000000000000000e+02
1.500000000000000000e+02
1.500000000000000000e+02
1.500000000000000000e+02
1.500000000000000000e+02
1.500000000000000000e+02
1.500000000000000000e+02
1.500000000000000000e+02
1.500000000000000000e+02
1.500000000000000000e+02
1.500000000000000000e+02
1.500000000000000000e+02
1.500000000000000000e+02
1.500000000000000000e+02
1.500000000000000000e+02
1.500000000000000000e+02
1.500000000000000000e+02
1.500000000000000000e+02
1.500000000000000000e+02
1.500000000000000000e+02
1.500000000000000000e+02
1.500000000000000000e+02
1.500000000000000000e+02
1.500000000000000000e+02
1.500000000000000000e+02
1.500000000000000000e+02
1.500000000000000000e+02
1.500000000000000000e+02
1.500000000000000000e+02
1.500000000000000000e+02
1.500000000000000000e+02
1.500000000000000000e+02
1.500000000000000000e+02
1.500000000000000000e+02
1.500000000000000000e+02
1.500000000000000000e+02
1.500000000000000000e+02
1.500000000000000000e+02
1.500000000000000000e+02
1.500000000000000000e+02
1.500000000000000000e+02
1.500000000000000000e+02
1.500000000000000000e+02
1.500000000000000000e+02
1.500000000000000000e+02
1.500000000000000000e+02
1.500000000000000000e+02
1.500000000000000000e+02
1.500000000000000000e+02
1.500000000000000000e+02
1.500000000000000000e+02
1.500000000000000000e+02
1.500000000000000000e+02
1.500000000000000000e+02
1.500000000000000000e+02
1.500000000000000000e+02
1.500000000000000000e+02
1.500000000000000000e+02
1.500000000000000000e+02
1.500000000000000000e+02
1.500000000000000000e+02
1.500000000000000000e+02
1.500000000000000000e+02
1.500000000000000000e+02
1.500000000000000000e+02
1.500000000000000000e+02
1.500000000000000000e+02
1.500000000000000000e+02
1.500000000000000000e+02
1.500000000000000000e+02
1.500000000000000000e+02
1.500000000000000000e+02
1.500000000000000000e+02
1.500000000000000000e+02
1.500000000000000000e+02
1.500000000000000000e+02
1.500000000000000000e+02
1.500000000000000000e+02
1.500000000000000000e+02
1.500000000000000000e+02
1.500000000000000000e+02
1.500000000000000000e+02
1.500000000000000000e+02
1.500000000000000000e+02
1.500000000000000000e+02
1.500000000000000000e+02
1.500000000000000000e+02
1.500000000000000000e+02
1.500000000000000000e+02
1.500000000000000000e+02
1.500000000000000000e+02
1.500000000000000000e+02
1.500000000000000000e+02
1.500000000000000000e+02
1.500000000000000000e+02
1.500000000000000000e+02
1.500000000000000000e+02
1.500000000000000000e+02
1.500000000000000000e+02
1.500000000000000000e+02
1.500000000000000000e+02
1.500000000000000000e+02
1.500000000000000000e+02
1.500000000000000000e+02
1.500000000000000000e+02
1.500000000000000000e+02
1.500000000000000000e+02
1.500000000000000000e+02
1.500000000000000000e+02
1.500000000000000000e+02
1.500000000000000000e+02
1.500000000000000000e+02
1.500000000000000000e+02
1.500000000000000000e+02
1.500000000000000000e+02
1.500000000000000000e+02
1.500000000000000000e+02
1.500000000000000000e+02
1.500000000000000000e+02
1.500000000000000000e+02
1.500000000000000000e+02
1.500000000000000000e+02
1.500000000000000000e+02
1.500000000000000000e+02
1.500000000000000000e+02
1.500000000000000000e+02
1.500000000000000000e+02
1.500000000000000000e+02
1.500000000000000000e+02
1.500000000000000000e+02
1.500000000000000000e+02
1.500000000000000000e+02
1.500000000000000000e+02
1.500000000000000000e+02
1.500000000000000000e+02
1.500000000000000000e+02
1.500000000000000000e+02
1.500000000000000000e+02
1.500000000000000000e+02
1.500000000000000000e+02
1.500000000000000000e+02
1.500000000000000000e+02
1.500000000000000000e+02
1.500000000000000000e+02
1.500000000000000000e+02
1.500000000000000000e+02
1.500000000000000000e+02
1.500000000000000000e+02
1.500000000000000000e+02
1.500000000000000000e+02
1.500000000000000000e+02
1.500000000000000000e+02
1.500000000000000000e+02
1.500000000000000000e+02
1.500000000000000000e+02
1.500000000000000000e+02
1.500000000000000000e+02
1.500000000000000000e+02
1.500000000000000000e+02
1.500000000000000000e+02
1.500000000000000000e+02
1.500000000000000000e+02
1.500000000000000000e+02
1.500000000000000000e+02
1.500000000000000000e+02
1.500000000000000000e+02
1.500000000000000000e+02
1.500000000000000000e+02
1.500000000000000000e+02
1.500000000000000000e+02
1.500000000000000000e+02
1.500000000000000000e+02
1.500000000000000000e+02
1.500000000000000000e+02
1.500000000000000000e+02
1.500000000000000000e+02
1.500000000000000000e+02
1.500000000000000000e+02
1.500000000000000000e+02
1.500000000000000000e+02
1.500000000000000000e+02
1.500000000000000000e+02
1.500000000000000000e+02
1.500000000000000000e+02
1.500000000000000000e+02
1.500000000000000000e+02
1.500000000000000000e+02
1.500000000000000000e+02
1.500000000000000000e+02
1.500000000000000000e+02
1.500000000000000000e+02
1.500000000000000000e+02
1.500000000000000000e+02
1.500000000000000000e+02
1.500000000000000000e+02
1.500000000000000000e+02
1.500000000000000000e+02
1.500000000000000000e+02
1.500000000000000000e+02
1.500000000000000000e+02
1.500000000000000000e+02
1.500000000000000000e+02
1.500000000000000000e+02
1.500000000000000000e+02
1.500000000000000000e+02
1.500000000000000000e+02
1.500000000000000000e+02
1.500000000000000000e+02
1.500000000000000000e+02
1.500000000000000000e+02
1.500000000000000000e+02
1.500000000000000000e+02
1.500000000000000000e+02
1.500000000000000000e+02
1.500000000000000000e+02
1.500000000000000000e+02
1.500000000000000000e+02
1.500000000000000000e+02
1.500000000000000000e+02
1.500000000000000000e+02
1.500000000000000000e+02
1.500000000000000000e+02
1.500000000000000000e+02
1.500000000000000000e+02
1.500000000000000000e+02
1.500000000000000000e+02
1.500000000000000000e+02
1.500000000000000000e+02
1.500000000000000000e+02
1.500000000000000000e+02
1.500000000000000000e+02
1.500000000000000000e+02
1.500000000000000000e+02
1.500000000000000000e+02
1.500000000000000000e+02
1.500000000000000000e+02
1.500000000000000000e+02
1.500000000000000000e+02
1.500000000000000000e+02
1.500000000000000000e+02
1.500000000000000000e+02
1.500000000000000000e+02
1.500000000000000000e+02
1.500000000000000000e+02
1.500000000000000000e+02
1.500000000000000000e+02
1.500000000000000000e+02
1.500000000000000000e+02
1.500000000000000000e+02
1.500000000000000000e+02
1.500000000000000000e+02
1.500000000000000000e+02
1.500000000000000000e+02
1.500000000000000000e+02
1.500000000000000000e+02
1.500000000000000000e+02
1.500000000000000000e+02
1.500000000000000000e+02
1.500000000000000000e+02
1.500000000000000000e+02
1.500000000000000000e+02
1.500000000000000000e+02
1.500000000000000000e+02
1.500000000000000000e+02
1.500000000000000000e+02
1.500000000000000000e+02
1.500000000000000000e+02
1.500000000000000000e+02
1.500000000000000000e+02
1.500000000000000000e+02
1.500000000000000000e+02
1.500000000000000000e+02
1.500000000000000000e+02
1.500000000000000000e+02
1.500000000000000000e+02
1.500000000000000000e+02
1.500000000000000000e+02
1.500000000000000000e+02
1.500000000000000000e+02
1.500000000000000000e+02
1.500000000000000000e+02
1.500000000000000000e+02
1.500000000000000000e+02
1.500000000000000000e+02
1.500000000000000000e+02
1.500000000000000000e+02
1.500000000000000000e+02
1.500000000000000000e+02
1.500000000000000000e+02
1.500000000000000000e+02
1.500000000000000000e+02
1.500000000000000000e+02
1.500000000000000000e+02
1.500000000000000000e+02
1.500000000000000000e+02
1.500000000000000000e+02
1.500000000000000000e+02
1.500000000000000000e+02
1.500000000000000000e+02
1.500000000000000000e+02
1.500000000000000000e+02
1.500000000000000000e+02
1.500000000000000000e+02
1.500000000000000000e+02
1.500000000000000000e+02
1.500000000000000000e+02
1.500000000000000000e+02
1.500000000000000000e+02
1.500000000000000000e+02
1.500000000000000000e+02
1.500000000000000000e+02
1.500000000000000000e+02
1.500000000000000000e+02
1.500000000000000000e+02
1.500000000000000000e+02
1.500000000000000000e+02
1.500000000000000000e+02
1.500000000000000000e+02
1.500000000000000000e+02
1.500000000000000000e+02
1.500000000000000000e+02
1.500000000000000000e+02
1.500000000000000000e+02
1.500000000000000000e+02
1.500000000000000000e+02
1.500000000000000000e+02
1.500000000000000000e+02
1.500000000000000000e+02
1.500000000000000000e+02
1.500000000000000000e+02
1.500000000000000000e+02
1.500000000000000000e+02
1.500000000000000000e+02
1.500000000000000000e+02
1.500000000000000000e+02
1.500000000000000000e+02
1.500000000000000000e+02
1.500000000000000000e+02
1.500000000000000000e+02
1.500000000000000000e+02
1.500000000000000000e+02
1.500000000000000000e+02
1.500000000000000000e+02
1.500000000000000000e+02
1.500000000000000000e+02
1.500000000000000000e+02
1.500000000000000000e+02
1.500000000000000000e+02
1.500000000000000000e+02
1.500000000000000000e+02
1.500000000000000000e+02
1.500000000000000000e+02
1.500000000000000000e+02
1.500000000000000000e+02
1.500000000000000000e+02
1.500000000000000000e+02
1.500000000000000000e+02
1.500000000000000000e+02
1.500000000000000000e+02
1.500000000000000000e+02
1.500000000000000000e+02
1.500000000000000000e+02
1.500000000000000000e+02
1.500000000000000000e+02
1.500000000000000000e+02
1.500000000000000000e+02
1.500000000000000000e+02
1.500000000000000000e+02
1.500000000000000000e+02
1.500000000000000000e+02
1.500000000000000000e+02
1.500000000000000000e+02
1.500000000000000000e+02
1.500000000000000000e+02
1.500000000000000000e+02
1.500000000000000000e+02
1.500000000000000000e+02
1.500000000000000000e+02
1.500000000000000000e+02
1.500000000000000000e+02
1.500000000000000000e+02
1.500000000000000000e+02
1.500000000000000000e+02
1.500000000000000000e+02
1.500000000000000000e+02
1.500000000000000000e+02
1.500000000000000000e+02
1.500000000000000000e+02
1.500000000000000000e+02
1.500000000000000000e+02
1.500000000000000000e+02
1.500000000000000000e+02
1.500000000000000000e+02
1.500000000000000000e+02
1.500000000000000000e+02
1.500000000000000000e+02
1.500000000000000000e+02
1.500000000000000000e+02
1.500000000000000000e+02
1.500000000000000000e+02
1.500000000000000000e+02
1.500000000000000000e+02
1.500000000000000000e+02
1.500000000000000000e+02
1.500000000000000000e+02
1.500000000000000000e+02
1.500000000000000000e+02
1.500000000000000000e+02
1.500000000000000000e+02
1.500000000000000000e+02
1.500000000000000000e+02
1.500000000000000000e+02
1.500000000000000000e+02
1.500000000000000000e+02
1.500000000000000000e+02
1.500000000000000000e+02
1.500000000000000000e+02
1.500000000000000000e+02
1.500000000000000000e+02
1.500000000000000000e+02
1.500000000000000000e+02
1.500000000000000000e+02
1.500000000000000000e+02
1.500000000000000000e+02
1.500000000000000000e+02
1.500000000000000000e+02
1.500000000000000000e+02
1.500000000000000000e+02
1.500000000000000000e+02
1.500000000000000000e+02
1.500000000000000000e+02
1.500000000000000000e+02
1.500000000000000000e+02
1.500000000000000000e+02
1.500000000000000000e+02
1.500000000000000000e+02
1.500000000000000000e+02
1.500000000000000000e+02
1.500000000000000000e+02
1.500000000000000000e+02
1.500000000000000000e+02
1.500000000000000000e+02
1.500000000000000000e+02
1.500000000000000000e+02
1.500000000000000000e+02
1.500000000000000000e+02
1.500000000000000000e+02
1.500000000000000000e+02
1.500000000000000000e+02
1.500000000000000000e+02
1.500000000000000000e+02
1.500000000000000000e+02
1.500000000000000000e+02
1.500000000000000000e+02
1.500000000000000000e+02
1.500000000000000000e+02
1.500000000000000000e+02
1.500000000000000000e+02
1.500000000000000000e+02
1.500000000000000000e+02
1.500000000000000000e+02
1.500000000000000000e+02
1.500000000000000000e+02
1.500000000000000000e+02
1.500000000000000000e+02
1.500000000000000000e+02
1.500000000000000000e+02
1.500000000000000000e+02
1.500000000000000000e+02
1.500000000000000000e+02
1.500000000000000000e+02
1.500000000000000000e+02
1.500000000000000000e+02
1.500000000000000000e+02
1.500000000000000000e+02
1.500000000000000000e+02
1.500000000000000000e+02
1.500000000000000000e+02
1.500000000000000000e+02
1.500000000000000000e+02
1.500000000000000000e+02
1.500000000000000000e+02
1.500000000000000000e+02
1.500000000000000000e+02
1.500000000000000000e+02
1.500000000000000000e+02
1.500000000000000000e+02
1.500000000000000000e+02
1.500000000000000000e+02
1.500000000000000000e+02
1.500000000000000000e+02
1.500000000000000000e+02
1.500000000000000000e+02
1.500000000000000000e+02
1.500000000000000000e+02
1.500000000000000000e+02
1.500000000000000000e+02
1.500000000000000000e+02
1.500000000000000000e+02
1.500000000000000000e+02
1.500000000000000000e+02
1.500000000000000000e+02
1.500000000000000000e+02
1.500000000000000000e+02
1.500000000000000000e+02
1.500000000000000000e+02
1.500000000000000000e+02
1.500000000000000000e+02
1.500000000000000000e+02
1.500000000000000000e+02
1.500000000000000000e+02
1.500000000000000000e+02
1.500000000000000000e+02
1.500000000000000000e+02
1.500000000000000000e+02
1.500000000000000000e+02
1.500000000000000000e+02
1.500000000000000000e+02
1.500000000000000000e+02
1.500000000000000000e+02
1.500000000000000000e+02
1.500000000000000000e+02
1.500000000000000000e+02
1.500000000000000000e+02
1.500000000000000000e+02
1.500000000000000000e+02
1.500000000000000000e+02
1.500000000000000000e+02
1.500000000000000000e+02
1.500000000000000000e+02
1.500000000000000000e+02
1.500000000000000000e+02
1.500000000000000000e+02
1.500000000000000000e+02
1.500000000000000000e+02
1.500000000000000000e+02
1.500000000000000000e+02
1.500000000000000000e+02
1.500000000000000000e+02
1.500000000000000000e+02
1.500000000000000000e+02
1.500000000000000000e+02
1.500000000000000000e+02
1.500000000000000000e+02
1.500000000000000000e+02
1.500000000000000000e+02
1.500000000000000000e+02
1.500000000000000000e+02
1.500000000000000000e+02
1.500000000000000000e+02
1.500000000000000000e+02
1.500000000000000000e+02
1.500000000000000000e+02
1.500000000000000000e+02
1.500000000000000000e+02
1.500000000000000000e+02
1.500000000000000000e+02
1.500000000000000000e+02
1.500000000000000000e+02
1.500000000000000000e+02
1.500000000000000000e+02
1.500000000000000000e+02
1.500000000000000000e+02
1.500000000000000000e+02
1.500000000000000000e+02
1.500000000000000000e+02
1.500000000000000000e+02
1.500000000000000000e+02
1.500000000000000000e+02
1.500000000000000000e+02
1.500000000000000000e+02
1.500000000000000000e+02
